0 FILE main.ldr
0 Name: BloomingFlower
0 !LDCAD GROUP_DEF [topLevel=true] [LID=0] [GID=FDuS1hFPQe0] [name=Group 1] [center=0 0 0]
0 !LDCAD GROUP_DEF [topLevel=true] [LID=1] [GID=GC9cY5m3L5d] [name=Group 2] [center=0 0 0] [layers=2]
1 7 29 19 -38 1 0 0 0 1 0 0 0 1 32184.dat
1 7 9 -1 -38 1 0 0 0 -1 0 0 0 -1 4519.dat
1 7 9 39 -38 1 0 0 0 1 0 0 0 1 4519.dat
0 ROTSTEP 143 -6 -130 ABS
1 7 9 39 -38 1 0 0 0 1 0 0 0 1 63869.dat
1 7 9 -1 -38 1 0 0 0 -1 0 0 0 -1 63869.dat
0 STEP
1 16 -11 -1 -38 1 0 0 0 1 0 0 0 1 Base.ldr
0 STEP
1 16 -51 19 -18 0.985 0.174 0 -0.174 0.985 0 0 0 1 Gear.ldr
1 16 -11 -21 -18 0.985 0.174 0 -0.174 0.985 0 0 0 1 Gear.ldr
1 16 29 19 -18 0.978 0.208 0 -0.208 0.978 0 0 0 1 Gear.ldr
1 16 -11 59 -18 0.978 0.208 0 -0.208 0.978 0 0 0 1 Gear.ldr
0 STEP
1 16 -51 -21.525 -61.419 1 0 0 0 0.978 0.208 0 -0.208 0.978 Liftarm.ldr
1 16 29.525 -21 -61.419 0 -0.978 -0.208 1 0 0 0 -0.208 0.978 Liftarm.ldr
0 !LDCAD GROUP_NXT [ids=1] [nrs=-1]
1 16 29 59.525 -61.419 -1 0 0 0 -0.978 -0.208 0 -0.208 0.978 Liftarm.ldr
1 16 -51.525 59 -61.419 0 0.978 0.208 -1 0 0 0 -0.208 0.978 Liftarm.ldr
0 STEP
1 7 29 -21 -18 -1 0 0 0 -1 0 0 0 1 4019.dat
1 7 -51 59 -18 -1 0 0 0 -1 0 0 0 1 4019.dat
1 7 -51 -21 -18 -1 0 0 0 -1 0 0 0 1 4019.dat
0 !LDCAD GROUP_NXT [ids=0] [nrs=-1]
1 7 29 59 -18 -1 0 0 0 -1 0 0 0 1 4019.dat
0 STEP
1 4 -51 99.525 -76.419 0 0 1 1 0 0 0 1 0 32526.dat
1 4 69.525 59 -76.419 1 0 0 0 0 -1 0 1 0 32526.dat
1 4 29 -61.525 -76.419 0 0 -1 -1 0 0 0 1 0 32526.dat
1 4 -91.525 -21 -76.419 -1 0 0 0 0 1 0 1 0 32526.dat
0 ROTSTEP -39 3 42 ABS
0 FILE Gear.ldr
1 7 0 0 0 -1 0 0 0 -1 0 0 0 1 4019.dat
1 19 0 0 -10 0 1 0 0 0 1 1 0 0 6562.dat
0 FILE Liftarm.ldr
1 7 0 0 0 0 0 -1 -0.978 -0.208 0 -0.208 0.978 0 32056.dat
1 19 0 -38.086 -13.207 0 -1 0 -0.208 0 -0.978 0.978 0 -0.208 3749.dat
1 19 -40 1.04 -4.891 0 -1 0 -0.208 0 -0.978 0.978 0 -0.208 3749.dat
1 7 0 -2.079 9.781 0 0 -1 -0.978 -0.208 0 -0.208 0.978 0 32056.dat
1 7 0 -4.356 23.017 0 -1 0 -0.208 0 -0.978 0.978 0 -0.208 4519.dat
0 FILE Base.ldr
1 7 -20 -20 0 0 -1 0 -1 0 0 0 0 -1 6536.dat
1 7 -20 20 0 0 0 1 -1 0 0 0 -1 0 32073.dat
0 STEP
1 7 0 0 0 0 0 1 -1 0 0 0 -1 0 32039.dat
0 STEP
1 7 -20 20 0 0 -1 0 -1 0 0 0 0 -1 6536.dat
0 STEP
1 7 0 40 0 0 0 1 -1 0 0 0 -1 0 32039.dat
0 STEP
1 7 -20 60 0 0 -1 0 -1 0 0 0 0 -1 6536.dat
