0 FILE main.ldr
0 Name: FerisWheel
0 !LDCAD SCRIPT [source=ferisWheel.lua]
1 16 -77.004 -141.994 10 1 0 0 0 1 0 0 0 1 wheels.ldr
1 7 -77.002 153.006 14.007 1 0 0 0 1 0 0 0 1 6098.dat
1 15 12.996 -1.994 10.006 0 1 0 0 0 -1 -1 0 0 64871.dat
1 15 -167.004 -1.994 9.995 0 1 0 0 0 -1 -1 0 0 64871.dat
1 1 22.996 98.006 10.006 1 0 0 0 -1 0 0 0 -1 4459.dat
1 1 22.996 138.006 10.006 1 0 0 0 -1 0 0 0 -1 4459.dat
1 1 -177.004 138.006 9.995 1 0 0 0 -1 0 0 0 -1 4459.dat
1 1 -177.004 98.006 9.995 1 0 0 0 -1 0 0 0 -1 4459.dat
1 16 32.996 128.006 10.007 -1 0 0 0 0 1 0 1 0 Stand_Support.ldr
1 16 -187.004 128.006 9.994 -1 0 0 0 0 1 0 1 0 Stand_Support.ldr
1 16 -15.009 -286.847 69.151 -1 0 0 0 0 1 0 1 0 costumers.ldr
1 16 -15.009 -201.994 154.004 -1 0 0 0 0 1 0 1 0 costumers.ldr
1 16 -15.009 2.859 69.151 -1 0 0 0 0 1 0 1 0 costumers.ldr
1 16 -16.008 -81.994 153.994 -1 0 0 0 0 1 0 1 0 costumers.ldr
1 16 -14.008 -81.994 -139.712 -1 0 0 0 0 1 0 1 0 costumers.ldr
1 16 -15.009 -201.994 -139.702 -1 0 0 0 0 1 0 1 0 costumers.ldr
1 16 -15.009 2.859 -54.849 -1 0 0 0 0 1 0 1 0 costumers.ldr
1 16 -15.009 -286.847 -54.849 -1 0 0 0 0 1 0 1 0 costumers.ldr
0 FILE sideWheel.ldr
1 4 0 0 0 0 0 1 0 1 0 -1 0 0 32073.dat
1 4 0 0 60 1 0 0 0 1 0 0 0 1 32192.dat
1 7 0 -42.426 102.426 0 0 1 0.707 0.707 0 -0.707 0.707 0 32073.dat
1 4 0 0 -60 1 0 0 0 0.707 0.707 0 -0.707 0.707 32192.dat
1 7 0 -42.426 -102.426 0 0 1 0.707 -0.707 0 0.707 0.707 0 32073.dat
1 4 0 -84.853 -144.853 -1 0 0 0 0.707 -0.707 0 -0.707 -0.707 32192.dat
1 7 0 -144.853 -144.853 0 0 -1 1 0 0 0 -1 0 32073.dat
1 4 0 -208.853 -144.853 -1 0 0 0 0 -1 0 -1 0 32192.dat
1 7 0 -251.279 -102.426 0 0 -1 0.707 -0.707 0 -0.707 -0.707 0 32073.dat
1 4 0 -293.706 -60 -1 0 0 0 -0.707 -0.707 0 -0.707 0.707 32192.dat
1 7 0 -293.706 0 0 0 -1 0 -1 0 -1 0 0 32073.dat
1 4 0 -293.706 60 -1 0 0 0 -1 0 0 0 1 32192.dat
1 7 0 -251.279 102.426 0 0 -1 -0.707 -0.707 0 -0.707 0.707 0 32073.dat
1 4 0 -208.853 144.853 -1 0 0 0 -0.707 0.707 0 0.707 0.707 32192.dat
1 7 0 -140.853 144.853 0 0 -1 -1 0 0 0 1 0 32073.dat
1 4 0 -84.853 144.853 -1 0 0 0 0 1 0 1 0 32192.dat
1 4 0 -275.706 0 0 -1 0 0 0 1 -1 0 0 32039.dat
1 4 -0.001 -20 0 0 -1 0 0 0 -1 1 0 0 32039.dat
1 10 -0.203 -122.003 0 0 1 0 0 0 -1 -1 0 0 10197.dat
1 7 -18.004 -142.001 0 0 0 1 1 0 0 0 1 0 3649.dat
1 10 -0.205 -162.003 0 0 1 0 0 0 1 1 0 0 10197.dat
1 10 -0.204 -142.003 20 0 1 0 1 0 0 0 0 -1 10197.dat
1 10 -0.005 -144.003 -20 0 1 0 -1 0 0 0 0 1 10197.dat
1 10 -0.207 -192.003 0 -1 0 0 0 0 1 0 1 0 59443.dat
1 10 -0.201 -92.003 0 -1 0 0 0 0 1 0 1 0 59443.dat
1 10 -0.204 -142.003 50 -1 0 0 0 1 0 0 0 -1 59443.dat
1 10 -0.005 -144.003 -50 0 1 0 -1 0 0 0 0 1 59443.dat
1 7 -0.003 -50 0 0 0 -1 -1 0 0 0 1 0 3705.dat
1 7 0 -235.706 0 0 0 -1 -1 0 0 0 1 0 3705.dat
1 4 0 -141.853 124.853 0 -1 0 -1 0 0 0 0 -1 32039.dat
1 4 0 -143.853 -124.853 0 1 0 -1 0 0 0 0 1 32039.dat
1 7 0 -141.853 84.853 0 1 0 0 0 -1 -1 0 0 3705.dat
1 7 0 -143.853 -94.853 0 1 0 0 0 -1 -1 0 0 3705.dat
0 FILE Stand_Support.ldr
1 1 0 0 0 0 0 1 1 0 0 0 1 0 3702.dat
1 1 0 0 -8 0 0 1 1 0 0 0 1 0 3710.dat
1 1 0 0 -16 0 0 1 1 0 0 0 1 0 6225.dat
1 1 0 0 -40 0 0 1 1 0 0 0 1 0 3700.dat
0 FILE costumers.ldr
1 1 0 0 0 1 0 0 0 0 -1 0 1 0 43093.dat
1 1 118.999 -2.01 0 -1 0 0 0 0 1 0 1 0 43093.dat
1 7 20 0 0 0 0 -1 -1 0 0 0 1 0 59443.dat
1 7 98.999 -2.01 0 0 0 -1 -1 0 0 0 1 0 59443.dat
1 7 60 0 0 1 0 0 0 0 -1 0 1 0 3705.dat
1 0 60 0 0 1 0 0 0 -1 0 0 0 -1 32013.dat
1 7 60 0 52 0 0 1 1 0 0 0 1 0 6116.dat
1 4 60 0 40 0 0 1 0 1 0 -1 0 0 4519.dat
1 0 70 30 76 1 0 0 0 0 -1 0 1 0 25126p01c01.dat
1 0 50 -30 76 -1 0 0 0 0 1 0 1 0 25126p01c01.dat
1 7 60 0 76 0 0 1 1 0 0 0 1 0 4211395.dat
0 FILE -wheels.ldr
1 16 0 0 0 -1 0 0 0 1 0 0 0 -1 sideWheel.ldr
1 16 138.999 -2.01 0 1 0 0 0 1 0 0 0 1 sideWheel.ldr
0 FILE wheels.ldr
1 7 0 0 0 1 0 0 0 0 1 0 -1 0 3708.dat
1 16 71.995 0 144.004 -1 0 0 0 0 1 0 1 0 -wheels.ldr
1 7 110 0 0.007 0 0 1 0 -1 0 1 0 0 6590.dat
1 7 -110 0 -0.006 0 0 1 0 -1 0 1 0 0 6590.dat
