0 FILE 飞机.io
0 Untitled Model
0 Name:  飞机
0 Author:  
0 !LDCAD SCRIPT [source=Ass.lua]
0 CustomBrick
0 NumOfBricks:  59
1 15 -14.278 -14.36 30 0.168 0 -0.986 0.986 0 0.168 0 -1 0 41239.dat
0 STEP
1 0 25.15 -21.1 30.22 0 0.168 0.986 0 0.986 -0.168 -1 0 0 3705.dat
1 0 5.436 -17.73 30.72 0 0.168 0.986 0 0.986 -0.168 -1 0 0 3705.dat
0 STEP
1 4 25.15 -21.1 44.93 0.168 0 -0.986 0.986 0 0.168 0 -1 0 41677.dat
1 4 25.15 -21.1 15.22 0.168 0 -0.986 0.986 0 0.168 0 -1 0 41677.dat
0 STEP
1 72 5.435 -17.733 -10.31 -0.986 0.168 0 0.168 0.986 0 0 0 -1 59443.dat
1 72 5.435 -17.733 70.72 -0.986 0.168 0 0.168 0.986 0 0 0 -1 59443.dat
0 STEP
1 71 5.436 -17.73 120.72 0 0.168 0.986 0 0.986 -0.168 -1 0 0 32073.dat
1 71 5.436 -17.73 -60.31 0 0.168 0.986 0 0.986 -0.168 -1 0 0 32073.dat
0 STEP
1 15 25.15 -21.1 60.22 0.168 -0.986 0 0.986 0.168 0 0 0 1 11946.dat
1 15 25.15 -21.1 0.22 -0.168 -0.986 0 -0.986 0.168 0 0 0 -1 11947.dat
0 STEP
1 15 5.436 -17.73 160.57 0.168 -0.986 0 0.986 0.168 0 0 0 1 11946.dat
1 15 5.436 -17.73 -99.69 -0.168 -0.986 0 -0.986 0.168 0 0 0 -1 11947.dat
0 STEP
1 1 64.578 -27.839 30 0 0.168 0.986 0 0.986 -0.168 -1 0 0 6558.dat
1 1 104.006 -34.579 30 0 0.168 0.986 0 0.986 -0.168 -1 0 0 6558.dat
0 STEP
1 15 123.72 -37.948 10 0.168 0 0.986 0.986 0 -0.168 0 1 0 32524.dat
0 STEP
1 1 123.72 -37.948 30 0 0.168 0.986 0 -0.986 0.168 1 0 0 6558.dat
1 1 143.434 -41.318 30 0 0.168 0.986 0 -0.986 0.168 1 0 0 6558.dat
1 1 163.148 -44.688 30 0 0.168 0.986 0 -0.986 0.168 1 0 0 6558.dat
1 1 182.863 -48.058 30 0 0.168 0.986 0 -0.986 0.168 1 0 0 6558.dat
0 STEP
1 1 133.83 21.194 30 0.986 0 -0.168 -0.168 0 -0.986 0 1 0 32140.dat
1 15 202.577 -51.428 30 0.168 0 0.986 0.986 0 -0.168 0 1 0 32316.dat
0 STEP
1 15 123.72 -37.948 50 0.168 0 0.986 0.986 0 -0.168 0 1 0 32524.dat
0 STEP
1 1 130.46 1.48 30 0 0.168 0.986 0 0.986 -0.168 -1 0 0 6558.dat
1 0 133.83 21.194 29.26 0 0.168 0.986 0 0.986 -0.168 -1 0 0 4519.dat
0 STEP
1 15 137.199 40.908 10 -0.986 0 0.168 0.168 0 0.986 0 1 0 32316.dat
0 STEP
1 16 147.216 117.312 20.4 0.986 0.168 0 -0.168 0.986 0 0 0 1 SubModel Group 2
1 0 143.939 80.336 29.73 0 0.168 0.986 0 0.986 -0.168 -1 0 0 4519.dat
1 16 147.216 117.312 30.76 0.986 0.168 0 -0.168 0.986 0 0 0 1 SubModel Group 2
0 STEP
1 15 137.199 40.908 50 -0.986 0 0.168 0.168 0 0.986 0 1 0 32316.dat
0 STEP
1 1 -14.278 -14.36 30 0 0.168 0.986 0 0.986 -0.168 -1 0 0 6558.dat
1 1 -132.563 5.858 30 0 0.168 0.986 0 0.986 -0.168 -1 0 0 6558.dat
0 STEP
1 15 -152.277 9.228 10 0.168 0 0.986 0.986 0 -0.168 0 1 0 32278.dat
0 STEP
1 1 -152.277 9.228 30 0 0.168 0.986 0 -0.986 0.168 1 0 0 6558.dat
1 1 -171.99 12.598 30 0 0.168 0.986 0 -0.986 0.168 1 0 0 6558.dat
1 1 -191.705 15.968 30 0 0.168 0.986 0 -0.986 0.168 1 0 0 6558.dat
1 1 -290.276 32.816 30 0 0.168 0.986 0 -0.986 0.168 1 0 0 6558.dat
0 STEP
1 1 -161.882 71.74 30 0.986 0 -0.168 -0.168 0 -0.986 0 1 0 32140.dat
1 15 -309.989 36.186 30 0.168 0 -0.986 0.986 0 0.168 0 -1 0 41239.dat
0 STEP
1 15 -152.276800 9.228109 49.999940 0.168488 0.000000 0.985704 0.985704 0.000000 -0.168488 0.000000 1.000000 0.000000 32278.dat
0 STEP
1 1 -165.252 52.026 30 0 0.168 0.986 0 0.986 -0.168 -1 0 0 6558.dat
1 0 -161.882 71.74 30.54 0 0.168 0.986 0 0.986 -0.168 -1 0 0 4519.dat
0 STEP
1 15 -161.882 71.74 10 0.986 0 -0.168 -0.168 0 -0.986 0 1 0 32523.dat
0 STEP
1 71 -158.512 91.454 29.78 0.986 0.168 0 -0.168 0.986 0 0 0 1 3713.dat
1 0 -158.512 91.454 28.99 0 0.168 0.986 0 0.986 -0.168 -1 0 0 44294.dat
0 STEP
1 15 -161.882 71.74 50 0.986 0 -0.168 -0.168 0 -0.986 0 1 0 32523.dat
0 STEP
1 71 -158.512 91.454 -8 0.986 0.168 0 -0.168 0.986 0 0 0 1 3713.dat
1 7 -158.512 91.454 68.99 0.986 0.168 0 -0.168 0.986 0 0 0 1 3713.dat
0 STEP
1 16 -154.056 135.331 81.86 0.986 0.168 0 -0.168 0.986 0 0 0 1 SubModel Group 1
1 16 -148.142 134.32 -24.01 -0.986 0.168 0 0.168 0.986 0 0 0 -1 SubModel Group 1
0 STEP
1 0 -388.846 49.665 30 0 0.168 0.986 0 0.986 -0.168 -1 0 0 4519.dat
1 1 -428.274 56.405 30 0 0.168 0.986 0 0.986 -0.168 -1 0 0 6558.dat
0 STEP
1 15 -514.803 -27.112 50 0.693 0 0.721 -0.721 0 0.693 0 -1 0 32271.dat
1 15 -514.803 -27.112 10 0.693 0 0.721 -0.721 0 0.693 0 -1 0 32271.dat
0 STEP
1 0 -514.803 -27.112 30 0 0.721 0.693 0 0.693 -0.721 -1 0 0 44294.dat
0 NOFILE
0 FILE SubModel Group 1
0 SubModel Group 1
0 Name:  SubModel Group 1
0 Author:  
0 CustomBrick
0 NumOfBricks:  2
1 71 3.000000 -44.000000 -3.000000 1.000000 0.000000 0.000000 0.000000 1.000000 0.000000 0.000000 0.000000 1.000000 55982.dat
1 0 3.000020 -44.000000 -3.000000 0.000000 1.000000 0.000000 -1.000000 0.000000 0.000000 0.000000 0.000000 1.000000 92402.dat
0 NOFILE
0 FILE SubModel Group 2
0 SubModel Group 2
0 Name:  SubModel Group 2
0 Author:  
0 CustomBrick
0 NumOfBricks:  2
1 0 3.000000 -38.000000 5.000000 1.000000 0.000000 0.000000 0.000000 1.000000 0.000000 0.000000 0.000000 1.000000 2815.dat
1 71 3.000000 -37.000000 4.000000 1.000000 0.000000 0.000000 0.000000 1.000000 0.000000 0.000000 0.000000 1.000000 4185.dat
0 NOFILE
0 FILE subModel-1.ldr
0 FILE pins.ldr
1 1 0 0 0 0 0.168 0.986 0 0.986 -0.168 -1 0 0 6558.dat
1 1 19.714 -3.37 0 0 0.168 0.986 0 0.986 -0.168 -1 0 0 6558.dat
1 1 39.428 -6.74 0 0 0.168 0.986 0 0.986 -0.168 -1 0 0 6558.dat
1 1 59.142 -10.109 0 0 0.168 0.986 0 0.986 -0.168 -1 0 0 6558.dat
0 FILE subModel-2.ldr
0 !LDCAD SCRIPT [source=assemble_airplane.lua]
0 FILE subModel-3.ldr
0 !LDCAD SCRIPT [source=Ass.lua]
